1
ANAHEIM STADIUM
64593
333,370,404,370,333
0,0
0
70, 7,10,24, 0, 0, 0, 5,57, 5,67,29, 4, 0, 0
70, 5,19,12, 0, 0, 0,15,46, 8,85,16, 0, 0, 0
74, 5,11,15, 4, 0, 4,11,48, 7,67,30, 3, 0, 0
76, 8,11,14, 7, 0, 0, 4,57, 7,86,11, 3, 0, 0
73, 5, 8,32, 8, 0, 0, 0,52, 0,84,16, 0, 0, 0
72, 5,11,15, 4, 0, 4,11,48, 7,67,30, 3, 0, 0
2
THE ASTRODOME
54313
330,380,400,380,330
1,1
0
72, 0, 0, 0, 0, 0, 0, 0, 0, 0, 0, 0, 0, 0, 0
72, 0, 0, 0, 0, 0, 0, 0, 0, 0, 0, 0, 0, 0, 0
72, 0, 0, 0, 0, 0, 0, 0, 0, 0, 0, 0, 0, 0, 0
72, 0, 0, 0, 0, 0, 0, 0, 0, 0, 0, 0, 0, 0, 0
72, 0, 0, 0, 0, 0, 0, 0, 0, 0, 0, 0, 0, 0, 0
72, 0, 0, 0, 0, 0, 0, 0, 0, 0, 0, 0, 0, 0, 0
3
OAKLAND-ALAMEDA COUNTY COLISEUM
47313
330,375,400,375,330
0,0
16
61, 4,10,55, 0, 0,10,10,20,10,55,20,25, 0, 5
63, 5, 8,46, 0, 0, 0, 4,38, 4,35,42,23, 0, 0
65,10,13,32, 0, 0, 0,10,35,10,29,42,29, 0, 0
67, 5,17,35, 0, 0, 0, 0,48, 0,26,35,39, 0, 0
66, 5,13,29, 0, 0, 0, 3,35,19,32,36,32, 0, 0
63, 5, 8,46, 0, 0, 0, 4,38, 4,35,42,23, 0, 0
4
SKYDOME
50516
330,380,400,380,330
1,1
0
72, 0, 0, 0, 0, 0, 0, 0, 0, 0, 0, 0, 0, 0, 0
72, 0, 0, 0, 0, 0, 0, 0, 0, 0, 0, 0, 0, 0, 0
72, 0, 0, 0, 0, 0, 0, 0, 0, 0, 0, 0, 0, 0, 0
72, 0, 0, 0, 0, 0, 0, 0, 0, 0, 0, 0, 0, 0, 0
72, 0, 0, 0, 0, 0, 0, 0, 0, 0, 0, 0, 0, 0, 0
72, 0, 0, 0, 0, 0, 0, 0, 0, 0, 0, 0, 0, 0, 0
5
ATLANTA-FULTON COUNTY STADIUM
52710
330,385,402,385,330
0,0
0
70, 8,28,72, 0, 0, 0, 0, 0, 0,33,22,22,22,11
80, 5,41,26, 4, 7,11, 4, 4, 4,70,22, 8, 0, 7
80,10,47,37, 0,13, 3, 0, 0, 0,63,33, 4, 0, 3
85, 7, 8,69, 0, 4, 0, 4, 4,12,77,15, 8, 0, 0
85, 8,48,31, 0, 3, 6, 3, 6, 3,71,23, 6, 0, 0
80,10,47,37, 0,13, 3, 0, 0, 0,63,33, 4, 0, 3
6
COUNTY STADIUM
53192
315,392,402,392,315
0,0
16
51, 6,22, 4,35, 4, 4,13, 0,17,35,22,30,13, 0
69,15,15,15,12,12, 8,12, 8,19,35,23,27,15, 0
72,10, 7, 7,29, 4, 7,11, 4,32,36,32,25, 7, 0
76, 7,22, 9,17, 9, 9, 9,13,13,30,48,17, 4, 4
78, 7,21,10,21,10, 0,14, 3,21,38,45,14, 3, 0
72,10, 7, 7,29, 4, 7,11, 4,32,36,32,25, 7, 0
7
BUSCH MEMORIAL STADIUM
57078
330,375,402,375,330
0,0
12
64,10,18, 0, 0,18, 5,14,45, 0,36,27,37, 0, 0
75,10,19,37, 4, 7,11, 4,15, 4,56,44, 0, 0, 0
84, 5,19,30,11,15,11, 0,15, 0,56,33,11, 0, 0
87,10,41,23, 5, 5, 9, 9, 5, 5,32,59, 9, 0, 0
85,10, 0,27, 0,30,13,13,13, 3,63,37, 0, 0, 0
82, 5,19,30,11,15,11, 0,15, 0,56,33,11, 0, 0
8
WRIGLEY FIELD
38765
355,368,400,368,353
0,0
50
50,10, 5, 5, 0,48, 0,10,14,19,14,24,29,33, 0
62,15,29, 4,13,21,13,13, 4, 4,17,42,29,13, 0
72,10,11,15, 4,26,30, 0, 7, 7,26,26,41, 7, 7
76,12,16,16, 8,16, 4, 4,16,20,16,44,36, 4, 0
74, 9,16,13,16,16,10, 0,10,19,23,45,19,13, 0
62,15,29, 4,13,21,13,13, 4, 4,17,42,29,13, 0
9
DODGER STADIUM
56000
330,385,395,385,330
0,0
0
71, 7,19,62, 0, 0, 0, 5, 5,10,76,14,10, 0, 0
70, 4, 5,57, 0, 0, 0, 5,29, 5,86,14, 0, 0, 0
74, 5, 0,56, 0, 4, 0, 4,28, 8,60,32, 8, 0, 7
79, 5, 3,35, 0, 0, 0, 0,61, 0,84,16, 0, 0, 0
78, 5,19,71, 0, 0, 0, 0, 9, 0,81,19, 0, 0, 0
74, 5, 0,56, 0, 4, 0, 4,28, 8,60,32, 8, 0, 7
45
LOS ANGELES WRIGLEY FIELD
20457
340,345,412,345,339
0,0
0
70, 7,10,24, 0, 0, 0, 5,57, 5,67,29, 4, 0, 0
70, 5,19,12, 0, 0, 0,15,46, 8,85,16, 0, 0, 0
74, 5,11,15, 4, 0, 4,11,48, 7,67,30, 3, 0, 0
76, 8,11,14, 7, 0, 0, 4,57, 7,86,11, 3, 0, 0
73, 5, 8,32, 8, 0, 0, 0,52, 0,84,16, 0, 0, 0
72, 5,11,15, 4, 0, 4,11,48, 7,67,30, 3, 0, 0
27
LOS ANGELES MEMORIAL COLISEUM
79000
251,320,410,385,300
0,0
0
71, 7,19,62, 0, 0, 0, 5, 5,10,76,14,10, 0, 0
70, 4, 5,57, 0, 0, 0, 5,29, 5,86,14, 0, 0, 0
74, 5, 0,56, 0, 4, 0, 4,28, 8,60,32, 8, 0, 7
79, 5, 3,35, 0, 0, 0, 0,61, 0,84,16, 0, 0, 0
78, 5,19,71, 0, 0, 0, 0, 9, 0,81,19, 0, 0, 0
74, 5, 0,56, 0, 4, 0, 4,28, 8,60,32, 8, 0, 7
10
OLYMPIC STADIUM
46500
325,375,404,375,325
1,1
0
72, 0, 0, 0, 0, 0, 0, 0, 0, 0, 0, 0, 0, 0, 0
72, 0, 0, 0, 0, 0, 0, 0, 0, 0, 0, 0, 0, 0, 0
72, 0, 0, 0, 0, 0, 0, 0, 0, 0, 0, 0, 0, 0, 0
72, 0, 0, 0, 0, 0, 0, 0, 0, 0, 0, 0, 0, 0, 0
72, 0, 0, 0, 0, 0, 0, 0, 0, 0, 0, 0, 0, 0, 0
72, 0, 0, 0, 0, 0, 0, 0, 0, 0, 0, 0, 0, 0, 0
13
THE KINGDOME
59166
331,389,405,349,312
1,1
0
72, 0, 0, 0, 0, 0, 0, 0, 0, 0, 0, 0, 0, 0, 0
72, 0, 0, 0, 0, 0, 0, 0, 0, 0, 0, 0, 0, 0, 0
72, 0, 0, 0, 0, 0, 0, 0, 0, 0, 0, 0, 0, 0, 0
72, 0, 0, 0, 0, 0, 0, 0, 0, 0, 0, 0, 0, 0, 0
72, 0, 0, 0, 0, 0, 0, 0, 0, 0, 0, 0, 0, 0, 0
72, 0, 0, 0, 0, 0, 0, 0, 0, 0, 0, 0, 0, 0, 0
24
HUBERT H. HUMPHREY METRODOME
56783
343,385,408,367,327
1,1
0
72, 0, 0, 0, 0, 0, 0, 0, 0, 0, 0, 0, 0, 0, 0
72, 0, 0, 0, 0, 0, 0, 0, 0, 0, 0, 0, 0, 0, 0
72, 0, 0, 0, 0, 0, 0, 0, 0, 0, 0, 0, 0, 0, 0
72, 0, 0, 0, 0, 0, 0, 0, 0, 0, 0, 0, 0, 0, 0
72, 0, 0, 0, 0, 0, 0, 0, 0, 0, 0, 0, 0, 0, 0
72, 0, 0, 0, 0, 0, 0, 0, 0, 0, 0, 0, 0, 0, 0
32
COUNTY STADIUM
53192
315,392,402,392,315
0,0
16
51, 6,22, 4,35, 4, 4,13, 0,17,35,22,30,13, 0
69,15,15,15,12,12, 8,12, 8,19,35,23,27,15, 0
72,10, 7, 7,29, 4, 7,11, 4,32,36,32,25, 7, 0
76, 7,22, 9,17, 9, 9, 9,13,13,30,48,17, 4, 4
78, 7,21,10,21,10, 0,14, 3,21,38,45,14, 3, 0
72,10, 7, 7,29, 4, 7,11, 4,32,36,32,25, 7, 0
33
SPORTSMAN'S PARK
57078
351,379,430,354,310
0,0
12
64,10,18, 0, 0,18, 5,14,45, 0,36,27,37, 0, 0
75,10,19,37, 4, 7,11, 4,15, 4,56,44, 0, 0, 0
84, 5,19,30,11,15,11, 0,15, 0,56,33,11, 0, 0
87,10,41,23, 5, 5, 9, 9, 5, 5,32,59, 9, 0, 0
85,10, 0,27, 0,30,13,13,13, 3,63,37, 0, 0, 0
82, 5,19,30,11,15,11, 0,15, 0,56,33,11, 0, 0
12
CLEVELAND MUNICIPAL STADIUM
74483
325,368,410,375,325
0,0
21
49, 6,11,16,21,11, 5,11,26, 0,53,37,10, 0, 0
67,15, 1,30,17,30, 4, 4,13, 1,30,30,40, 0, 0
72,13,17,34,10,28, 1, 1,10, 1,38,55, 7, 0, 0
75,10,11,44,11,19, 0, 4,11, 0,48,30,22, 0, 0
73,10, 6,25,28,19, 0, 3,16, 3,47,38,15, 0, 0
67,15, 1,30,17,30, 4, 4,13, 1,30,30,40, 0, 0
35
JARRY PARK
28000
340,368,417,368,340
0,0
0
49, 6,11,16,21,11, 5,11,26, 0,53,37,10, 0, 0
67,15, 1,30,17,30, 4, 4,13, 1,30,30,40, 0, 0
72,13,17,34,10,28, 1, 1,10, 1,38,55, 7, 0, 0
75,10,11,44,11,19, 0, 4,11, 0,48,30,22, 0, 0
73,10, 6,25,28,19, 0, 3,16, 3,47,38,15, 0, 0
67,15, 1,30,17,30, 4, 4,13, 1,30,30,40, 0, 0
39
METROPOLITAN STADIUM
45920
346,365,430,365,330
0,0
0
49, 6,11,16,21,11, 5,11,26, 0,53,37,10, 0, 0
67,15, 1,30,17,30, 4, 4,13, 1,30,30,40, 0, 0
72,13,17,34,10,28, 1, 1,10, 1,38,55, 7, 0, 0
75,10,11,44,11,19, 0, 4,11, 0,48,30,22, 0, 0
73,10, 6,25,28,19, 0, 3,16, 3,47,38,15, 0, 0
67,15, 1,30,17,30, 4, 4,13, 1,30,30,40, 0, 0
30
EXHIBITION STADIUM
51201
330,375,400,375,330
1,0
35
51, 6,22, 4,35, 4, 4,13, 0,17,35,22,30,13, 0
69,15,15,15,12,12, 8,12, 8,19,35,23,27,15, 0
72,10, 7, 7,29, 4, 7,11, 4,32,36,32,25, 7, 0
76, 7,22, 9,17, 9, 9, 9,13,13,30,48,17, 4, 4
78, 7,21,10,21,10, 0,14, 3,21,38,45,14, 3, 0
72,10, 7, 7,29, 4, 7,11, 4,32,36,32,25, 7, 0
11
CANDLESTICK PARK
63000
335,365,400,365,328
0,0
30
64,10, 0,59, 0, 5, 0, 0,36, 0,23,32,36, 9, 0
64,10, 0,54, 0, 0, 0, 0,46, 0,25,33,29,13, 0
64,10, 0,58, 0, 0, 0, 0,38, 4, 8,29,42,13, 0
66, 8,13,60, 3, 3, 0, 3,17, 0,23,17,37,23, 0
66,10,10,55, 0, 0, 0, 0,24,10,34,17,28,21, 0
64,10, 0,54, 0, 0, 0, 0,46, 0,25,33,29,13, 0
46
SEALS STADIUM
22900
365,375,410,397,385
0,0
25
64,10, 0,59, 0, 5, 0, 0,36, 0,23,32,36, 9, 0
64,10, 0,54, 0, 0, 0, 0,46, 0,25,33,29,13, 0
64,10, 0,58, 0, 0, 0, 0,38, 4, 8,29,42,13, 0
66, 8,13,60, 3, 3, 0, 3,17, 0,23,17,37,23, 0
66,10,10,55, 0, 0, 0, 0,24,10,34,17,28,21, 0
64,10, 0,54, 0, 0, 0, 0,46, 0,25,33,29,13, 0
14
SHEA STADIUM
55601
338,371,410,371,338
0,0
20
59,10,29,38, 8, 4, 8, 4, 4, 4,50,38,12, 0, 0
68,15,25,30,10,10, 5, 5,10, 5,45,25,30, 0, 0
76,10,55,19, 0, 3, 0, 6,13, 3,61,26,13, 0, 0
81,10,22,26, 4, 4,13,22, 4, 4,83,17, 0, 0, 0
79,10,44,22,11,11, 0, 4, 8, 0,70,30, 0, 0, 0
68,15,25,30,10,10, 5, 5,10, 5,45,25,30, 0, 0
36
POLO GROUNDS II
55987
279,447,480,449,258
0,0
20
59,10,29,38, 8, 4, 8, 4, 4, 4,50,38,12, 0, 0
68,15,25,30,10,10, 5, 5,10, 5,45,25,30, 0, 0
76,10,55,19, 0, 3, 0, 6,13, 3,61,26,13, 0, 0
81,10,22,26, 4, 4,13,22, 4, 4,83,17, 0, 0, 0
79,10,44,22,11,11, 0, 4, 8, 0,70,30, 0, 0, 0
68,15,25,30,10,10, 5, 5,10, 5,45,25,30, 0, 0
50
POLO GROUNDS II
55987
279,447,505,449,258
0,0
20
59,10,29,38, 8, 4, 8, 4, 4, 4,50,38,12, 0, 0
68,15,25,30,10,10, 5, 5,10, 5,45,25,30, 0, 0
76,10,55,19, 0, 3, 0, 6,13, 3,61,26,13, 0, 0
81,10,22,26, 4, 4,13,22, 4, 4,83,17, 0, 0, 0
79,10,44,22,11,11, 0, 4, 8, 0,70,30, 0, 0, 0
68,15,25,30,10,10, 5, 5,10, 5,45,25,30, 0, 0
49
HILLTOP PARK
15000
360,380,420,387,360
0,0
20
59,10,29,38, 8, 4, 8, 4, 4, 4,50,38,12, 0, 0
68,15,25,30,10,10, 5, 5,10, 5,45,25,30, 0, 0
76,10,55,19, 0, 3, 0, 6,13, 3,61,26,13, 0, 0
81,10,22,26, 4, 4,13,22, 4, 4,83,17, 0, 0, 0
79,10,44,22,11,11, 0, 4, 8, 0,70,30, 0, 0, 0
68,15,25,30,10,10, 5, 5,10, 5,45,25,30, 0, 0
34
EBBETS FIELD
31497
343,351,393,352,297
0,0
18
59,10,29,38, 8, 4, 8, 4, 4, 4,50,38,12, 0, 0
68,15,25,30,10,10, 5, 5,10, 5,45,25,30, 0, 0
76,10,55,19, 0, 3, 0, 6,13, 3,61,26,13, 0, 0
81,10,22,26, 4, 4,13,22, 4, 4,83,17, 0, 0, 0
79,10,44,22,11,11, 0, 4, 8, 0,70,30, 0, 0, 0
68,15,25,30,10,10, 5, 5,10, 5,45,25,30, 0, 0
64
WASHINGTON PARK II
26497
335,351,500,345,295
0,0
18
59,10,29,38, 8, 4, 8, 4, 4, 4,50,38,12, 0, 0
68,15,25,30,10,10, 5, 5,10, 5,45,25,30, 0, 0
76,10,55,19, 0, 3, 0, 6,13, 3,61,26,13, 0, 0
81,10,22,26, 4, 4,13,22, 4, 4,83,17, 0, 0, 0
79,10,44,22,11,11, 0, 4, 8, 0,70,30, 0, 0, 0
68,15,25,30,10,10, 5, 5,10, 5,45,25,30, 0, 0
22
ROYALS STADIUM
40625
330,385,410,385,330
1,0
0
65,10,48,29, 5, 0, 0,19, 0, 5,52,24,24, 0,10
72,10,46, 8,17, 0,13,13, 0, 4,54,29,17, 0, 0
77,12,33,10, 7,10,27, 3, 3, 7,53,37,10, 0, 0
84,12,24,20, 4,12,12,16, 4, 8,52,40, 8, 0,12
82,12,38, 0, 0,10,34,10, 0, 7,69,24, 7, 0, 0
77,12,33,10, 7,10,27, 3, 3, 7,53,37,10, 0, 0
43
KANSAS CITY MUNICIPAL STADIUM
35020
370,409,421,360,325
0,0
0
65,10,48,29, 5, 0, 0,19, 0, 5,52,24,24, 0,10
72,10,46, 8,17, 0,13,13, 0, 4,54,29,17, 0, 0
77,12,33,10, 7,10,27, 3, 3, 7,53,37,10, 0, 0
84,12,24,20, 4,12,12,16, 4, 8,52,40, 8, 0,12
82,12,38, 0, 0,10,34,10, 0, 7,69,24, 7, 0, 0
77,12,33,10, 7,10,27, 3, 3, 7,53,37,10, 0, 0
19
ARLINGTON STADIUM
43508
330,380,400,380,330
0,0
13
79, 8,45,15, 0,20,15, 5, 0, 0,35,45,20, 0, 5
79, 5, 4,21,17,29,25, 0, 0, 4,54,29,17, 0, 8
85, 9,26,30, 4,15,15, 4, 4, 4,59,26,15, 0, 0
92, 5,28,17, 0,21,34, 0, 0, 0,31,21,31,17, 0
88, 8,22,22, 0,15,30, 0, 7, 4,63,33, 0, 4, 0
79, 5, 4,21,17,29,25, 0, 0, 4,54,29,17, 0, 8
28
COLT STADIUM
32200
360,395,420,395,360
0,0
0
79, 8,45,15, 0,20,15, 5, 0, 0,35,45,20, 0, 5
79, 5, 4,21,17,29,25, 0, 0, 4,54,29,17, 0, 8
85, 9,26,30, 4,15,15, 4, 4, 4,59,26,15, 0, 0
92, 5,28,17, 0,21,34, 0, 0, 0,31,21,31,17, 0
88, 8,22,22, 0,15,30, 0, 7, 4,63,33, 0, 4, 0
79, 5, 4,21,17,29,25, 0, 0, 4,54,29,17, 0, 8
68
THE BALLPARK IN ARLINGTON
49292
332,388,400,377,325
0,0
0
79, 8,45,15, 0,20,15, 5, 0, 0,35,45,20, 0, 5
79, 5, 4,21,17,29,25, 0, 0, 4,54,29,17, 0, 8
85, 9,26,30, 4,15,15, 4, 4, 4,59,26,15, 0, 0
92, 5,28,17, 0,21,34, 0, 0, 0,31,21,31,17, 0
88, 8,22,22, 0,15,30, 0, 7, 4,63,33, 0, 4, 0
79, 5, 4,21,17,29,25, 0, 0, 4,54,29,17, 0, 8
67
JACOBS FIELD
42400
325,368,405,375,325
0,0
21
49, 6,11,16,21,11, 5,11,26, 0,53,37,10, 0, 0
67,15, 1,30,17,30, 4, 4,13, 1,30,30,40, 0, 0
72,13,17,34,10,28, 1, 1,10, 1,38,55, 7, 0, 0
75,10,11,44,11,19, 0, 4,11, 0,48,30,22, 0, 0
73,10, 6,25,28,19, 0, 3,16, 3,47,38,15, 0, 0
67,15, 1,30,17,30, 4, 4,13, 1,30,30,40, 0, 0
62
LEAGUE PARK - CLEVELAND
21414
375,415,420,400,290
0,0
21
49, 6,11,16,21,11, 5,11,26, 0,53,37,10, 0, 0
67,15, 1,30,17,30, 4, 4,13, 1,30,30,40, 0, 0
72,13,17,34,10,28, 1, 1,10, 1,38,55, 7, 0, 0
75,10,11,44,11,19, 0, 4,11, 0,48,30,22, 0, 0
73,10, 6,25,28,19, 0, 3,16, 3,47,38,15, 0, 0
67,15, 1,30,17,30, 4, 4,13, 1,30,30,40, 0, 0
15
BALTIMORE MEMORIAL STADIUM
54076
309,378,405,378,309
0,0
0
67, 5,17,33, 0,11, 0,28,11, 0,61,22,17, 0, 6
78,10,14,18,11, 7, 4, 4,25,14,25,43,32, 0,11
82,10,19,26,15, 0,11, 7, 4,19,44,33,23, 0, 4
87,10,17,33, 4, 0,17,13,13, 4,50,46, 4, 0,17
85, 5,22,16, 6, 0, 3,19,22,12,66,28, 6, 0, 0
82,10,19,26,15, 0,11, 7, 4,19,44,33,23, 0, 4
38
ROBERT F. KENNEDY STADIUM
45016
335,381,410,378,335
0,0
0
67, 5,17,33, 0,11, 0,28,11, 0,61,22,17, 0, 6
78,10,14,18,11, 7, 4, 4,25,14,25,43,32, 0,11
82,10,19,26,15, 0,11, 7, 4,19,44,33,23, 0, 4
87,10,17,33, 4, 0,17,13,13, 4,50,46, 4, 0,17
85, 5,22,16, 6, 0, 3,19,22,12,66,28, 6, 0, 0
82,10,19,26,15, 0,11, 7, 4,19,44,33,23, 0, 4
41
GRIFFITH STADIUM
38251
386,380,421,373,320
0,0
0
67, 5,17,33, 0,11, 0,28,11, 0,61,22,17, 0, 6
78,10,14,18,11, 7, 4, 4,25,14,25,43,32, 0,11
82,10,19,26,15, 0,11, 7, 4,19,44,33,23, 0, 4
87,10,17,33, 4, 0,17,13,13, 4,50,46, 4, 0,17
85, 5,22,16, 6, 0, 3,19,22,12,66,28, 6, 0, 0
82,10,19,26,15, 0,11, 7, 4,19,44,33,23, 0, 4
48
AMERICAN LEAGUE PARK II
38251
386,380,421,373,320
0,0
0
67, 5,17,33, 0,11, 0,28,11, 0,61,22,17, 0, 6
78,10,14,18,11, 7, 4, 4,25,14,25,43,32, 0,11
82,10,19,26,15, 0,11, 7, 4,19,44,33,23, 0, 4
87,10,17,33, 4, 0,17,13,13, 4,50,46, 4, 0,17
85, 5,22,16, 6, 0, 3,19,22,12,66,28, 6, 0, 0
82,10,19,26,15, 0,11, 7, 4,19,44,33,23, 0, 4
47
AMERICAN LEAGUE PARK I
38251
386,380,421,373,320
0,0
0
67, 5,17,33, 0,11, 0,28,11, 0,61,22,17, 0, 6
78,10,14,18,11, 7, 4, 4,25,14,25,43,32, 0,11
82,10,19,26,15, 0,11, 7, 4,19,44,33,23, 0, 4
87,10,17,33, 4, 0,17,13,13, 4,50,46, 4, 0,17
85, 5,22,16, 6, 0, 3,19,22,12,66,28, 6, 0, 0
82,10,19,26,15, 0,11, 7, 4,19,44,33,23, 0, 4
55
ORIOLE PARK AT CAMDEN YARDS
48079
333,364,410,373,318
0,0
0
67, 5,17,33, 0,11, 0,28,11, 0,61,22,17, 0, 6
78,10,14,18,11, 7, 4, 4,25,14,25,43,32, 0,11
82,10,19,26,15, 0,11, 7, 4,19,44,33,23, 0, 4
87,10,17,33, 4, 0,17,13,13, 4,50,46, 4, 0,17
85, 5,22,16, 6, 0, 3,19,22,12,66,28, 6, 0, 0
82,10,19,26,15, 0,11, 7, 4,19,44,33,23, 0, 4
70
YANKEE STADIUM
57545
318,399,408,385,314
0,0
0
54,10,32,16,32, 0,11, 5, 5, 0,47,42,11, 0,16
73,10,31,23, 4,12,12,15, 4, 0,54,42, 4, 0, 0
75,12,39,30,13, 4, 0, 4, 4, 4,61,35, 4, 0, 0
78, 8,37,26, 0, 4, 0,11,11,11,85,15, 0, 0, 4
76, 8,31,29, 6, 3, 3, 9, 9,11,69,20,11, 0, 0
73,10,31,23, 4,12,12,15, 4, 0,54,42, 4, 0, 0
26
YANKEE STADIUM
67224
301,457,463,367,296
0,0
0
54,10,32,16,32, 0,11, 5, 5, 0,47,42,11, 0,16
73,10,31,23, 4,12,12,15, 4, 0,54,42, 4, 0, 0
75,12,39,30,13, 4, 0, 4, 4, 4,61,35, 4, 0, 0
78, 8,37,26, 0, 4, 0,11,11,11,85,15, 0, 0, 4
76, 8,31,29, 6, 3, 3, 9, 9,11,69,20,11, 0, 0
73,10,31,23, 4,12,12,15, 4, 0,54,42, 4, 0, 0
21
FENWAY PARK
33871
315,379,420,380,302
0,0
40
50,10, 5,14, 5,24, 5,43, 0, 5,19,29,33,19,10
67,15,12,12, 8,12,12,24,12, 8,12,44,36, 8, 0
76,15,24,28, 0,10,10, 3,14,10,14,66,20, 0, 3
78, 8,29,16, 6, 6, 6,16,10,10,26,58,16, 0,10
77, 8,13, 8,13, 4, 8,21,33, 0,25,42,21,13, 0
67,15,12,12, 8,12,12,24,12, 8,12,44,36, 8, 0
51
BRAVES FIELD (1915-1952)
24121
337,355,370,355,319
0,0
24
50,10, 5,14, 5,24, 5,43, 0, 5,19,29,33,19,10
67,15,12,12, 8,12,12,24,12, 8,12,44,36, 8, 0
76,15,24,28, 0,10,10, 3,14,10,14,66,20, 0, 3
78, 8,29,16, 6, 6, 6,16,10,10,26,58,16, 0,10
77, 8,13, 8,13, 4, 8,21,33, 0,25,42,21,13, 0
67,15,12,12, 8,12,12,24,12, 8,12,44,36, 8, 0
52
BRAVES FIELD (1915-1916)
24121
402,403,440,402,402
0,0
24
50,10, 5,14, 5,24, 5,43, 0, 5,19,29,33,19,10
67,15,12,12, 8,12,12,24,12, 8,12,44,36, 8, 0
76,15,24,28, 0,10,10, 3,14,10,14,66,20, 0, 3
78, 8,29,16, 6, 6, 6,16,10,10,26,58,16, 0,10
77, 8,13, 8,13, 4, 8,21,33, 0,25,42,21,13, 0
67,15,12,12, 8,12,12,24,12, 8,12,44,36, 8, 0
60
SOUTH END GROUNDS
21311
250,445,440,440,255
0,0
33
50,10, 5,14, 5,24, 5,43, 0, 5,19,29,33,19,10
67,15,12,12, 8,12,12,24,12, 8,12,44,36, 8, 0
76,15,24,28, 0,10,10, 3,14,10,14,66,20, 0, 3
78, 8,29,16, 6, 6, 6,16,10,10,26,58,16, 0,10
77, 8,13, 8,13, 4, 8,21,33, 0,25,42,21,13, 0
67,15,12,12, 8,12,12,24,12, 8,12,44,36, 8, 0
61
HUNTINGTON AVENUE GROUNDS
14122
440,513,635,492,280
0,0
33
50,10, 5,14, 5,24, 5,43, 0, 5,19,29,33,19,10
67,15,12,12, 8,12,12,24,12, 8,12,44,36, 8, 0
76,15,24,28, 0,10,10, 3,14,10,14,66,20, 0, 3
78, 8,29,16, 6, 6, 6,16,10,10,26,58,16, 0,10
77, 8,13, 8,13, 4, 8,21,33, 0,25,42,21,13, 0
67,15,12,12, 8,12,12,24,12, 8,12,44,36, 8, 0
18
THREE RIVERS STADIUM
47972
335,375,400,375,335
1,0
0
61,10,11,17,22, 0, 6,28, 6, 6,44,28,28, 0, 0
70,10,24,17,10,14, 3,21, 7, 3,55,28,17, 0, 7
74,10,17,28, 7, 0,10,14,10,14,48,41,10, 0, 7
81,10,17, 8, 4, 0, 4,42,21, 4,54,33,13, 0, 4
79, 8,22,15, 7, 4, 0,30, 7,15,59,37, 4, 0, 0
70,10,24,17,10,14, 3,21, 7, 3,55,28,17, 0, 7
40
FORBES FIELD
45238
365,457,435,416,300
0,0
0
61,10,11,17,22, 0, 6,28, 6, 6,44,28,28, 0, 0
70,10,24,17,10,14, 3,21, 7, 3,55,28,17, 0, 7
74,10,17,28, 7, 0,10,14,10,14,48,41,10, 0, 7
81,10,17, 8, 4, 0, 4,42,21, 4,54,33,13, 0, 4
79, 8,22,15, 7, 4, 0,30, 7,15,59,37, 4, 0, 0
70,10,24,17,10,14, 3,21, 7, 3,55,28,17, 0, 7
57
EXPOSITION PARK
21324
382,424,495,416,376
0,0
0
61,10,11,17,22, 0, 6,28, 6, 6,44,28,28, 0, 0
70,10,24,17,10,14, 3,21, 7, 3,55,28,17, 0, 7
74,10,17,28, 7, 0,10,14,10,14,48,41,10, 0, 7
81,10,17, 8, 4, 0, 4,42,21, 4,54,33,13, 0, 4
79, 8,22,15, 7, 4, 0,30, 7,15,59,37, 4, 0, 0
70,10,24,17,10,14, 3,21, 7, 3,55,28,17, 0, 7
16
JACK MURPHY STADIUM
46510
327,370,405,370,327
0,0
0
70, 5,17,46, 0, 0, 0, 0,25,13,99, 1, 0, 0, 0
73, 5,29,29, 0, 0, 0, 4,36, 4,82,18, 0, 0, 0
75, 5,31,27, 0, 0, 0, 0,38, 4,96, 4, 0, 0, 0
74, 5,11,56, 0, 0, 0, 0,33, 0,96, 4, 0, 0, 0
77, 5,11,30, 0, 4, 0, 4,41,11,96, 4, 0, 0, 0
73, 5,29,29, 0, 0, 0, 4,36, 4,82,18, 0, 0, 0
42
JACK MURPHY STADIUM
46510
327,370,405,370,327
0,0
0
70, 5,17,46, 0, 0, 0, 0,25,13,99, 1, 0, 0, 0
73, 5,29,29, 0, 0, 0, 4,36, 4,82,18, 0, 0, 0
75, 5,31,27, 0, 0, 0, 0,38, 4,96, 4, 0, 0, 0
74, 5,11,56, 0, 0, 0, 0,33, 0,96, 4, 0, 0, 0
77, 5,11,30, 0, 4, 0, 4,41,11,96, 4, 0, 0, 0
73, 5,29,29, 0, 0, 0, 4,36, 4,82,18, 0, 0, 0
59
WEST SIDE GROUNDS
18765
340,433,560,456,340
0,0
50
50,10, 5, 5, 0,48, 0,10,14,19,14,24,29,33, 0
62,15,29, 4,13,21,13,13, 4, 4,17,42,29,13, 0
72,10,11,15, 4,26,30, 0, 7, 7,26,26,41, 7, 7
76,12,16,16, 8,16, 4, 4,16,20,16,44,36, 4, 0
74, 9,16,13,16,16,10, 0,10,19,23,45,19,13, 0
62,15,29, 4,13,21,13,13, 4, 4,17,42,29,13, 0
17
VETERAN'S STADIUM
62382
330,371,408,371,330
1,0
0
62,10, 0, 0,29, 5,29,29,10, 0,19,48,33, 0, 0
71,15,15,15,12, 0,19,12,15,12,35,42,23, 0, 0
80,10, 4,12, 8, 8, 8,28,12,20,64,32, 4, 0, 0
82, 5,10, 3, 6, 3, 6,23,32,16,55,42, 3, 0, 0
80, 5,15, 7, 4, 0, 7, 7,41,19,56,37, 7, 0, 0
71,15,15,15,12, 0,19,12,15,12,35,42,23, 0, 0
29
CONNIE MACK/SHIBE STADIUM
38233
334,405,448,400,393
0,0
0
62,10, 0, 0,29, 5,29,29,10, 0,19,48,33, 0, 0
71,15,15,15,12, 0,19,12,15,12,35,42,23, 0, 0
80,10, 4,12, 8, 8, 8,28,12,20,64,32, 4, 0, 0
82, 5,10, 3, 6, 3, 6,23,32,16,55,42, 3, 0, 0
80, 5,15, 7, 4, 0, 7, 7,41,19,56,37, 7, 0, 0
71,15,15,15,12, 0,19,12,15,12,35,42,23, 0, 0
54
BAKER BOWL
19000
341,378,408,300,281
0,0
0
62,10, 0, 0,29, 5,29,29,10, 0,19,48,33, 0, 0
71,15,15,15,12, 0,19,12,15,12,35,42,23, 0, 0
80,10, 4,12, 8, 8, 8,28,12,20,64,32, 4, 0, 0
82, 5,10, 3, 6, 3, 6,23,32,16,55,42, 3, 0, 0
80, 5,15, 7, 4, 0, 7, 7,41,19,56,37, 7, 0, 0
71,15,15,15,12, 0,19,12,15,12,35,42,23, 0, 0
56
COLUMBIA PARK
12000
381,402,458,421,366
0,0
0
62,10, 0, 0,29, 5,29,29,10, 0,19,48,33, 0, 0
71,15,15,15,12, 0,19,12,15,12,35,42,23, 0, 0
80,10, 4,12, 8, 8, 8,28,12,20,64,32, 4, 0, 0
82, 5,10, 3, 6, 3, 6,23,32,16,55,42, 3, 0, 0
80, 5,15, 7, 4, 0, 7, 7,41,19,56,37, 7, 0, 0
71,15,15,15,12, 0,19,12,15,12,35,42,23, 0, 0
20
RIVERFRONT STADIUM
52952
330,375,404,375,330
1,0
0
63,10,16, 5,11,11,11,26,11,11,53,26,21, 0, 0
72,10,27,14, 9, 9, 9, 9,14, 9,41,45,14, 0, 0
79,10,20,13,13, 7,20,10,17, 0,50,47, 3, 0, 0
80,10,15,25,10,10, 5,15,10,10,55,35,10, 0, 0
83,10,36,15, 6, 3, 3,18, 9, 9,66,34, 0, 0, 0
72,10,27,14, 9, 9, 9, 9,14, 9,41,45,14, 0, 0
37
CROSLEY FIELD
34265
328,380,387,383,366
0,0
0
63,10,16, 5,11,11,11,26,11,11,53,26,21, 0, 0
72,10,27,14, 9, 9, 9, 9,14, 9,41,45,14, 0, 0
79,10,20,13,13, 7,20,10,17, 0,50,47, 3, 0, 0
80,10,15,25,10,10, 5,15,10,10,55,35,10, 0, 0
83,10,36,15, 6, 3, 3,18, 9, 9,66,34, 0, 0, 0
72,10,27,14, 9, 9, 9, 9,14, 9,41,45,14, 0, 0
58
LEAGUE PARK - CIN
34265
360,380,420,387,360
0,0
0
63,10,16, 5,11,11,11,26,11,11,53,26,21, 0, 0
72,10,27,14, 9, 9, 9, 9,14, 9,41,45,14, 0, 0
79,10,20,13,13, 7,20,10,17, 0,50,47, 3, 0, 0
80,10,15,25,10,10, 5,15,10,10,55,35,10, 0, 0
83,10,36,15, 6, 3, 3,18, 9, 9,66,34, 0, 0, 0
72,10,27,14, 9, 9, 9, 9,14, 9,41,45,14, 0, 0
23
TIGER STADIUM
52465
340,365,440,375,325
0,0
14
52,10,16,16, 5,11,21,16, 5,11,21,42,21,16, 0
66,20,13,37, 0, 7,33, 0, 0,10,30,30,23,17, 0
77,10,34,17, 0, 0,38, 0,10, 0,21,24,48, 7, 7
78, 8,28,40, 8, 0,12, 0, 0,12,36,24,32, 8, 0
74, 8,19,42, 4, 0,15,12, 4, 4,27,31,19,23, 0
66,20,13,37, 0, 7,33, 0, 0,10,30,30,23,17, 0
63
BENNETT PARK
26285
340,365,440,375,325
0,0
14
52,10,16,16, 5,11,21,16, 5,11,21,42,21,16, 0
66,20,13,37, 0, 7,33, 0, 0,10,30,30,23,17, 0
77,10,34,17, 0, 0,38, 0,10, 0,21,24,48, 7, 7
78, 8,28,40, 8, 0,12, 0, 0,12,36,24,32, 8, 0
74, 8,19,42, 4, 0,15,12, 4, 4,27,31,19,23, 0
66,20,13,37, 0, 7,33, 0, 0,10,30,30,23,17, 0
44
SICK'S STADIUM
19188
305,345,405,345,320
0,0
14
64,10, 0,59, 0, 5, 0, 0,36, 0,23,32,36, 9, 0
64,10, 0,54, 0, 0, 0, 0,46, 0,25,33,29,13, 0
64,10, 0,58, 0, 0, 0, 0,38, 4, 8,29,42,13, 0
66, 8,13,60, 3, 3, 0, 3,17, 0,23,17,37,23, 0
66,10,10,55, 0, 0, 0, 0,24,10,34,17,28,21, 0
64,10, 0,54, 0, 0, 0, 0,46, 0,25,33,29,13, 0
31
PILOT FIELD
19188
305,345,405,345,320
0,0
14
64,10, 0,59, 0, 5, 0, 0,36, 0,23,32,36, 9, 0
64,10, 0,54, 0, 0, 0, 0,46, 0,25,33,29,13, 0
64,10, 0,58, 0, 0, 0, 0,38, 4, 8,29,42,13, 0
66, 8,13,60, 3, 3, 0, 3,17, 0,23,17,37,23, 0
66,10,10,55, 0, 0, 0, 0,24,10,34,17,28,21, 0
64,10, 0,54, 0, 0, 0, 0,46, 0,25,33,29,13, 0
25
COMISKEY PARK
44005
335,370,400,370,335
0,0
14
54,10,17,28,22, 6, 0, 6, 6,17,22,28,39,11, 0
62,20,15,42, 8, 8, 0, 8, 4,15,31,23,27,19, 0
72,15,11,61, 7, 0, 7, 7, 0, 7,18,57,18, 7, 7
80,10,36,12, 8, 4, 0,32, 8, 0,36,44,20, 0,12
77, 5,31,24,10,14, 0, 3,14, 3,34,45,10,10, 0
62,20,15,42, 8, 8, 0, 8, 4,15,31,23,27,19, 0
53
SOUTH SIDE PARK
14005
365,390,440,390,365
0,0
14
54,10,17,28,22, 6, 0, 6, 6,17,22,28,39,11, 0
62,20,15,42, 8, 8, 0, 8, 4,15,31,23,27,19, 0
72,15,11,61, 7, 0, 7, 7, 0, 7,18,57,18, 7, 7
80,10,36,12, 8, 4, 0,32, 8, 0,36,44,20, 0,12
77, 5,31,24,10,14, 0, 3,14, 3,34,45,10,10, 0
62,20,15,42, 8, 8, 0, 8, 4,15,31,23,27,19, 0
71
COMISKEY PARK
44321
347,375,400,374,347
0,0
14
54,10,17,28,22, 6, 0, 6, 6,17,22,28,39,11, 0
62,20,15,42, 8, 8, 0, 8, 4,15,31,23,27,19, 0
72,15,11,61, 7, 0, 7, 7, 0, 7,18,57,18, 7, 7
80,10,36,12, 8, 4, 0,32, 8, 0,36,44,20, 0,12
77, 5,31,24,10,14, 0, 3,14, 3,34,45,10,10, 0
62,20,15,42, 8, 8, 0, 8, 4,15,31,23,27,19, 0
66
JOE ROBBIE STADIUM
47662
335,380,410,380,340
0,0
0
75, 5,20,40,20,10, 0, 0,10, 0,40,40,20, 0, 0
80, 5,31,15,15, 8,23, 0, 8, 0,31,46,15, 8,15
85, 5,13,53, 0,13, 0,13, 7, 0,33,53,14, 0, 7
84, 5,45, 0, 0,27, 9, 9, 9, 0,45,36,19, 0, 0
84, 5,36,14, 7,14, 7,14, 0, 7,43,50, 7, 0, 0
83,10,35, 6,12,29,12, 6, 0, 0, 6,82,12, 0, 0
69
COORS FIELD
50000
347,390,415,375,350
0,0
27
57,15, 8,42, 0, 0,25, 0, 0,25,33,58, 9, 0, 0
66,15,33, 8, 8, 0,17, 0, 0,34,33,42,17, 8, 0
77,10, 0,43, 7, 0,21, 7, 7,14,50,29,21, 0, 7
82,10,19,25,13, 6,13, 0, 0,25,38,44, 0,19, 0
76,15,20,50, 0, 0,30, 0, 0, 0,60,30,10, 0, 0
69,15,38,38, 0, 6, 0, 6, 0,12,81,13, 6, 0, 0
65
MILE HIGH STADIUM
76100
335,375,423,390,370
0,0
27
57,15, 8,42, 0, 0,25, 0, 0,25,33,58, 9, 0, 0
66,15,33, 8, 8, 0,17, 0, 0,34,33,42,17, 8, 0
77,10, 0,43, 7, 0,21, 7, 7,14,50,29,21, 0, 7
82,10,19,25,13, 6,13, 0, 0,25,38,44, 0,19, 0
76,15,20,50, 0, 0,30, 0, 0, 0,60,30,10, 0, 0
69,15,38,38, 0, 6, 0, 6, 0,12,81,13, 6, 0, 0
72
BUSCH MEMORIAL STADIUM
52078
330,375,402,375,330
0,0
12
64,10,18, 0, 0,18, 5,14,45, 0,36,27,37, 0, 0
75,10,19,37, 4, 7,11, 4,15, 4,56,44, 0, 0, 0
84, 5,19,30,11,15,11, 0,15, 0,56,33,11, 0, 0
87,10,41,23, 5, 5, 9, 9, 5, 5,32,59, 9, 0, 0
85,10, 0,27, 0,30,13,13,13, 3,63,37, 0, 0, 0
82, 5,19,30,11,15,11, 0,15, 0,56,33,11, 0, 0
73
TURNER FIELD
52710
335,380,401,390,330
0,0
0
70, 8,28,72, 0, 0, 0, 0, 0, 0,33,22,22,22,11
80, 5,41,26, 4, 7,11, 4, 4, 4,70,22, 8, 0, 7
80,10,47,37, 0,13, 3, 0, 0, 0,63,33, 4, 0, 3
85, 7, 8,69, 0, 4, 0, 4, 4,12,77,15, 8, 0, 0
85, 8,48,31, 0, 3, 6, 3, 6, 3,71,23, 6, 0, 0
80,10,47,37, 0,13, 3, 0, 0, 0,63,33, 4, 0, 3
74
BANK ONE BALLPARK
56000
330,385,395,385,330
0,0
0
71, 7,19,62, 0, 0, 0, 5, 5,10,76,14,10, 0, 0
70, 4, 5,57, 0, 0, 0, 5,29, 5,86,14, 0, 0, 0
74, 5, 0,56, 0, 4, 0, 4,28, 8,60,32, 8, 0, 7
79, 5, 3,35, 0, 0, 0, 0,61, 0,84,16, 0, 0, 0
78, 5,19,71, 0, 0, 0, 0, 9, 0,81,19, 0, 0, 0
74, 5, 0,56, 0, 4, 0, 4,28, 8,60,32, 8, 0, 7
75
TROPICANA FIELD
54313
315,380,407,380,322
1,1
0
72, 0, 0, 0, 0, 0, 0, 0, 0, 0, 0, 0, 0, 0, 0
72, 0, 0, 0, 0, 0, 0, 0, 0, 0, 0, 0, 0, 0, 0
72, 0, 0, 0, 0, 0, 0, 0, 0, 0, 0, 0, 0, 0, 0
72, 0, 0, 0, 0, 0, 0, 0, 0, 0, 0, 0, 0, 0, 0
72, 0, 0, 0, 0, 0, 0, 0, 0, 0, 0, 0, 0, 0, 0
72, 0, 0, 0, 0, 0, 0, 0, 0, 0, 0, 0, 0, 0, 0
